Block 6 : 
Block 12 : 5 
Block 14 : 5 1 4 2 3 
Block 15 : 5 3 1 4 2 
Block 16 : 5 3 1 2 4 
Block 17 : 3 4 2 1 
Block 65 : 54 58 53 49 50 45 48 47 44 36 33 40 11 8 13 18 9 38 31 10 20 25 28 23 27 35 
Block 66 : 55 58 53 56 52 50 49 45 47 44 33 36 40 37 35 11 8 13 34 38 31 10 25 20 27 23 
Block 67 : 55 58 53 56 52 49 50 45 47 44 33 36 40 37 35 11 8 13 34 38 31 10 25 20 27 23 
Block 68 : 55 58 53 56 52 49 50 45 47 44 33 36 40 37 35 11 8 13 34 38 31 10 25 20 27 23 
Block 70 : 54 59 58 53 49 50 45 48 47 44 36 33 40 8 11 13 9 38 31 18 10 25 28 29 23 27 35 
Block 88 : 82 79 78 57 29 28 26 39 69 24 30 9 72 41 43 54 59 61 71 73 75 64 74 
Block 89 : 82 79 78 29 28 26 39 69 24 30 9 72 41 43 54 59 61 71 73 75 64 74 
Block 90 : 82 79 78 60 29 28 26 69 21 24 30 32 9 18 77 72 41 48 43 59 61 71 73 75 64 74 57 
Block 91 : 82 79 78 57 29 28 26 69 21 24 9 30 72 39 54 59 61 71 73 75 64 74 
Block 93 : 82 79 78 57 29 28 26 69 21 24 18 63 30 72 39 54 61 75 71 73 64 74 
Block 97 : 92 84 83 81 22 7 19 42 62 63 
Block 98 : 84 92 83 81 22 7 19 42 62 63 
Block 99 : 84 92 83 81 22 7 19 42 62 63 
Block 100 : 84 92 83 81 22 7 19 42 62 63 
Block 101 : 80 51 
Block 102 : 84 92 83 81 62 63 22 7 19 39 42 
Block 103 : 80 51 
Block 104 : 80 51 
Block 107 : 80 51 
Block 108 : 80 51 
Block 109 : 87 
Block 110 : 87 
Block 111 : 87 94 86 85 54 
Block 113 : 87 
Block 114 : 
Block 115 : 
Block 116 : 
Block 117 : 87 94 86 85 54 
Block 118 : 
Block 120 : 94 86 85 54 
Block 121 : 
Block 122 : 105 94 86 85 54 
Block 123 : 105 94 86 85 54 
Block 124 : 105 94 86 85 54 
Block 125 : 94 86 85 54 
Block 152 : 143 150 146 129 145 140 135 139 138 137 136 131 134 76 132 127 112 130 126 128 119 106 96 95 39 
Block 153 : 150 143 146 129 145 140 135 139 138 137 131 136 134 76 132 127 112 130 128 126 119 106 96 95 39 
Block 154 : 150 143 146 129 145 140 135 139 138 137 131 136 134 76 132 127 112 130 128 126 119 106 96 95 39 
Block 156 : 129 143 145 140 135 138 131 137 136 132 112 130 134 76 126 128 119 106 96 105 95 39 
Block 158 : 155 150 149 146 129 143 145 140 142 135 138 131 137 136 134 76 132 112 130 128 126 119 106 96 95 39 
Block 186 : 176 178 181 168 177 179 175 169 172 171 162 170 167 144 148 164 165 163 147 161 159 160 151 157 155 150 149 146 142 141 133 166 46 
Block 188 : 184 174 178 176 181 168 179 171 177 175 169 172 162 170 144 167 148 164 165 163 147 161 159 160 151 157 155 150 146 142 139 141 133 166 46 
Block 190 : 174 184 178 176 181 179 168 171 177 175 169 172 170 144 162 167 148 164 165 161 163 147 160 159 157 155 151 150 146 142 139 141 133 166 46 
Block 191 : 174 184 176 178 181 179 168 171 177 175 169 172 170 144 162 167 148 164 165 161 163 147 160 159 157 155 151 150 146 142 139 141 133 166 46 
Block 192 : 174 184 178 176 181 179 168 171 177 175 172 169 170 144 162 167 164 148 165 161 163 147 160 159 157 155 151 150 146 142 139 141 133 166 46 
Block 208 : 206 199 202 187 201 200 195 193 197 196 189 183 182 180 
Block 209 : 206 199 202 187 201 200 195 193 197 196 189 183 182 180 
Block 210 : 206 199 202 187 201 200 195 193 197 196 189 182 183 180 
Block 213 : 206 199 202 187 201 200 195 197 196 193 183 182 189 180 
Block 215 : 206 199 187 202 200 201 195 197 196 193 183 182 189 180 
Block 222 : 207 218 194 205 212 203 204 
Block 224 : 216 207 218 194 205 212 203 204 
Block 225 : 216 218 207 194 205 212 203 204 
Block 229 : 216 207 218 194 205 212 204 203 
Block 231 : 228 214 223 
Block 232 : 228 223 214 
Block 233 : 228 214 223 
Block 234 : 216 219 207 218 194 205 212 204 203 
Block 235 : 228 219 214 223 
Block 238 : 228 214 223 219 
Block 254 : 243 246 249 248 245 242 241 240 237 230 221 239 226 236 220 227 217 
Block 257 : 244 243 246 249 248 240 245 242 241 237 230 221 239 226 236 220 227 217 
Block 258 : 252 244 243 249 248 246 240 242 245 241 237 230 221 239 226 236 220 227 217 
Block 259 : 252 244 243 249 248 246 240 242 245 241 237 230 221 239 226 236 220 227 217 
Block 260 : 252 244 243 249 248 246 240 242 245 241 237 230 221 239 226 236 227 220 217 
Block 264 : 256 251 253 250 
Block 265 : 256 251 253 250 
Block 266 : 256 251 253 250 
Block 267 : 256 251 253 250 
Block 270 : 256 251 253 250 
Block 285 : 269 278 279 274 277 255 273 261 272 247 263 268 262 211 198 185 276 149 
Block 286 : 269 278 279 274 277 255 273 261 272 247 263 268 262 211 198 185 276 149 
Block 287 : 278 269 279 274 277 255 273 261 272 247 263 268 262 211 198 185 276 149 
Block 288 : 275 269 278 274 279 277 273 255 261 272 263 247 268 262 211 198 185 276 149 
Block 290 : 269 278 274 275 279 277 273 261 272 255 263 247 268 262 211 198 185 276 149 
Block 305 : 299 296 297 289 284 282 292 283 281 
Block 307 : 304 303 301 293 299 296 284 297 289 282 292 294 291 283 281 
Block 309 : 304 303 301 293 299 284 296 297 289 282 294 291 292 283 281 
Block 310 : 304 303 301 293 299 284 296 297 289 282 294 291 292 283 281 
Block 311 : 302 304 303 301 293 299 284 296 297 289 282 294 291 292 283 281 
Block 318 : 315 306 308 302 304 303 301 293 294 291 
Block 319 : 314 315 312 306 308 302 304 303 301 293 294 291 280 
Block 324 : 317 315 314 312 306 308 302 304 303 301 293 294 291 280 
Block 325 : 322 321 317 315 314 312 308 306 302 304 303 301 293 294 291 280 
Block 326 : 317 315 314 312 306 308 302 304 303 301 293 294 291 280 
Block 337 : 335 334 330 327 328 323 313 298 316 322 321 295 271 300 
Block 338 : 335 334 330 327 328 323 313 298 316 322 321 295 271 300 
Block 339 : 335 334 330 327 328 323 313 298 316 322 321 295 271 300 
Block 341 : 335 334 330 327 328 323 313 298 322 321 316 295 271 300 
Block 345 : 331 335 334 330 328 323 327 313 322 321 317 316 298 314 312 295 280 271 300 
Block 353 : 333 348 344 331 332 329 340 336 320 
Block 354 : 333 348 344 331 332 329 340 336 320 
Block 355 : 333 348 344 331 332 329 340 336 320 
Block 359 : 343 333 348 344 347 346 331 329 340 332 336 320 
Block 361 : 343 333 348 344 347 346 329 340 332 336 331 320 
Block 367 : 364 356 358 342 357 350 351 349 127 173 
Block 370 : 362 365 364 358 356 342 357 349 350 351 127 173 
Block 371 : 362 365 364 358 356 342 357 349 351 350 127 173 
Block 372 : 368 362 365 364 358 356 342 357 349 350 351 127 173 
Block 373 : 364 356 358 342 357 350 351 349 127 173 
Block 381 : 377 376 366 363 360 352 369 368 362 365 
Block 385 : 376 379 377 366 352 363 360 369 368 362 365 
Block 387 : 383 376 375 374 379 377 352 363 366 360 369 368 362 365 
Block 389 : 383 376 375 374 379 377 352 363 366 360 369 368 362 365 
Block 390 : 386 376 383 375 379 374 377 352 363 366 360 369 368 362 365 
Block 396 : 391 380 384 386 
Block 397 : 391 380 384 386 
Block 398 : 391 380 384 386 
Block 399 : 393 392 391 380 384 386 
Block 401 : 391 393 392 386 384 380 
Block 403 : 378 393 392 
Block 404 : 378 393 392 
Block 405 : 378 393 392 
Block 406 : 378 382 393 392 
Block 408 : 382 378 393 392 
Block 410 : 
Block 411 : 402 388 
Block 412 : 402 388 
Block 413 : 402 388 
Block 414 : 402 388 
Block 419 : 407 395 400 409 
Block 421 : 417 395 409 407 400 
Block 422 : 417 395 409 407 400 
Block 423 : 395 417 409 400 407 
Block 425 : 416 407 400 409 395 
Block 435 : 418 430 429 426 424 427 394 415 416 417 
Block 437 : 418 429 424 430 426 416 427 394 415 417 
Block 438 : 418 429 424 430 426 416 427 394 415 417 
Block 439 : 418 429 424 430 426 416 427 394 415 417 
Block 440 : 434 431 418 430 426 429 427 394 424 415 417 416 
Block 477 : 475 467 471 460 469 470 465 453 457 466 464 463 459 462 461 454 458 455 456 450 451 448 432 452 445 449 447 436 446 442 444 443 441 433 428 420 434 431 
Block 480 : 475 473 467 471 469 460 470 465 457 466 464 453 463 459 462 461 454 455 458 450 456 448 451 432 452 445 447 449 436 443 446 442 444 441 433 434 428 420 431 
Block 481 : 475 473 467 469 471 460 470 465 457 466 464 453 459 463 462 461 454 455 458 450 456 448 451 432 452 445 447 449 436 443 446 442 444 441 433 434 428 420 431 
Block 482 : 475 473 467 471 469 460 470 465 457 466 464 453 463 459 462 461 454 455 458 450 456 448 451 432 452 445 447 449 436 443 446 442 444 433 441 434 428 431 420 
Block 484 : 476 471 460 475 467 469 470 465 453 457 463 466 464 462 461 454 459 458 455 456 450 451 432 445 452 448 449 447 446 442 444 443 436 441 433 428 420 434 431 
Block 485 : 472 
Block 486 : 472 
Block 487 : 472 
Block 488 : 476 472 
Block 490 : 472 476 
Block 497 : 489 492 483 468 491 479 478 476 
Block 498 : 489 492 483 468 491 479 478 476 
Block 499 : 489 492 483 468 491 479 478 476 
Block 501 : 495 489 468 492 483 491 479 478 476 
Block 503 : 495 489 468 492 491 483 479 478 476 
Block 527 : 524 522 520 521 510 519 517 514 515 513 508 505 511 509 506 504 507 500 493 474 494 502 496 495 
Block 528 : 524 522 520 521 510 519 517 515 514 513 508 505 511 509 506 504 507 500 493 474 494 502 496 495 
Block 530 : 516 524 522 520 521 510 519 517 515 514 513 508 505 511 509 506 504 507 500 493 474 494 502 496 495 
Block 531 : 512 524 521 522 520 519 510 517 515 514 513 508 505 506 511 509 504 507 474 494 500 493 502 496 495 
Block 532 : 524 521 522 512 520 519 510 517 515 514 513 508 505 506 511 507 509 474 494 500 504 502 496 493 495 
Block 544 : 536 540 533 538 537 523 535 526 534 525 529 512 
Block 546 : 536 540 533 538 537 523 535 526 534 525 529 512 
Block 547 : 536 540 533 538 537 523 535 526 534 525 529 512 
Block 548 : 543 540 533 536 538 537 523 535 526 529 534 525 512 
Block 550 : 543 540 533 536 538 523 537 529 534 525 535 526 512 
Block 570 : 566 545 565 561 563 562 557 549 558 555 539 556 554 553 552 518 551 541 542 
Block 571 : 564 566 545 565 561 563 562 557 558 549 539 555 556 554 553 552 518 551 541 542 
Block 572 : 564 566 545 565 561 563 562 557 558 549 539 555 556 554 552 553 518 551 541 542 
Block 573 : 564 566 545 565 561 563 562 558 557 549 539 555 556 554 553 518 552 551 541 542 
Block 574 : 566 545 565 562 561 563 557 549 555 558 556 539 554 553 552 518 551 541 542 
Block 626 : 621 616 617 618 614 610 604 611 606 613 607 609 608 605 602 603 600 595 601 593 599 591 598 589 594 597 596 592 590 575 586 582 587 588 560 584 585 579 583 567 581 580 568 578 577 576 559 569 
Block 627 : 621 616 617 618 614 610 604 611 606 613 607 609 608 605 602 603 600 595 601 593 599 591 598 589 597 594 596 592 590 575 586 582 587 588 560 585 584 579 583 567 581 580 568 578 577 576 559 569 
Block 628 : 620 621 616 618 614 617 610 611 606 604 613 607 609 608 605 602 603 600 595 601 599 593 591 598 589 597 594 596 592 590 586 575 582 587 588 560 585 584 579 583 567 581 580 568 578 577 576 559 569 
Block 629 : 621 616 622 615 617 618 614 604 611 613 610 607 606 608 609 605 603 600 602 593 595 599 601 598 591 597 594 589 596 592 590 575 586 582 587 588 560 585 584 579 583 581 580 567 568 578 577 576 559 569 
Block 631 : 620 621 616 615 622 617 618 614 604 611 613 610 607 608 606 609 605 603 600 602 593 599 601 598 595 591 594 597 596 592 590 575 586 589 582 587 584 585 588 579 560 583 581 580 567 568 578 577 576 559 569 
Block 643 : 636 634 619 635 632 612 625 623 630 622 615 620 
Block 644 : 636 619 634 635 632 612 625 623 630 622 615 620 
Block 645 : 636 619 634 635 632 612 625 623 630 622 615 620 
Block 646 : 619 636 635 634 632 625 612 630 623 620 622 615 
Block 649 : 637 641 619 636 635 632 634 625 630 623 612 620 615 622 
Block 661 : 650 654 658 642 648 653 639 652 647 651 638 637 640 641 633 624 
Block 662 : 650 654 658 642 648 653 639 652 651 647 638 637 640 641 633 624 
Block 663 : 650 654 658 642 648 653 639 652 651 647 638 637 640 641 633 624 
Block 664 : 654 658 642 653 650 639 648 652 651 638 647 637 640 641 633 624 
Block 666 : 654 642 658 653 639 648 652 650 651 638 640 647 637 641 633 624 
