1 0.25 90000
0.4 0.019943019943019943 0.05714285714285714
1 0.25 40000
0.8125 0.020622568093385214 0.24528301886792453
1 0.25 23333.33333
0.6666666666666666 0.020273455917020275 0.23255813953488372
1 0.25 15000
0.9210526315789473 0.020028612303290415 0.625
1 0.25 10000
0.9642857142857143 0.02741635687732342 0.9152542372881356
1 0.25 6666.66666
0.9857142857142858 0.03349056603773585 0.971830985915493
1 0.25 4285.714285
0.9910714285714286 0.040530846484935434 0.9823008849557522
1 0.25 2500
0.9850746268656716 0.08507018290089324 0.99
1 0.25 1111.11111
0.9979123173277662 0.1787980589772303 0.9979123173277662
1 0.5 90000
0.75 0.01982285955293125 0.1276595744680851
1 0.5 40000
0.9090909090909091 0.01983143282102132 0.25
1 0.5 23333.33333
0.95 0.019969278033794162 0.36538461538461536
1 0.5 15000
0.9230769230769231 0.020507084265473527 0.43636363636363634
1 0.5 10000
0.94 0.029542920847268672 0.8867924528301887
1 0.5 6666.66666
0.9625 0.03575685339690107 0.8555555555555555
1 0.5 4285.714285
0.9811320754716981 0.03585926928281461 0.9811320754716981
1 0.5 2500
0.9948717948717949 0.07975460122699386 0.9948717948717949
1 0.5 1111.11111
0.9977777777777778 0.17307692307692307 0.9977777777777778
1 0.75 90000
0.8571428571428571 0.01954527323494216 0.12244897959183673
1 0.75 40000
1.0 0.019881783987103708 0.21621621621621623
1 0.75 23333.33333
0.9629629629629629 0.020497803806734993 0.4642857142857143
1 0.75 15000
0.9444444444444444 0.021746880570409983 0.5573770491803278
1 0.75 10000
0.9824561403508771 0.02912621359223301 0.8888888888888888
1 0.75 6666.66666
0.9710144927536232 0.03736377789309808 0.9305555555555556
1 0.75 4285.714285
0.9903846153846154 0.04079254079254079 0.9809523809523809
1 0.75 2500
0.995 0.10256410256410256 0.995
1 0.75 1111.11111
0.9978070175438597 0.14921465968586387 0.9978070175438597
1 1 90000
0.75 0.019509981851179675 0.06976744186046512
1 1 40000
0.8571428571428571 0.02032043767096522 0.11538461538461539
1 1 23333.33333
0.9 0.0205761316872428 0.4
1 1 15000
0.9615384615384616 0.020919269298762522 0.352112676056338
1 1 10000
0.9836065573770492 0.02635658914728682 0.8823529411764706
1 1 6666.66666
0.975609756097561 0.025804581037982024 0.898876404494382
1 1 4285.714285
0.991869918699187 0.04316045945005221 0.9838709677419355
1 1 2500
0.9951219512195122 0.07578558225508318 0.9951219512195122
1 1 1111.11111
0.9978586723768736 0.15739804516346478 0.9978586723768736
