2 0.25 90000
0.6666666666666666 0.019553072625698324 0.04081632653061224
2 0.25 40000
0.6923076923076923 0.019430637144148215 0.20930232558139536
2 0.25 23333.33333
0.7272727272727273 0.01981450252951096 0.3404255319148936
2 0.25 15000
0.9393939393939394 0.019723038187159043 0.6595744680851063
2 0.25 10000
0.8823529411764706 0.026499302649930265 0.7894736842105263
2 0.25 6666.66666
0.9873417721518988 0.030632027917797598 0.9873417721518988
2 0.25 4285.714285
0.9923664122137404 0.058823529411764705 0.9848484848484849
2 0.25 2500
0.9948717948717949 0.06733425414364641 0.9948717948717949
2 0.25 1111.11111
0.9977272727272727 0.18410041841004185 0.9977272727272727
2 0.5 90000
1.0 0.01928374655647383 0.07142857142857142
2 0.5 40000
0.75 0.019864750633981403 0.2553191489361702
2 0.5 23333.33333
0.8695652173913043 0.01936842105263158 0.43478260869565216
2 0.5 15000
0.9487179487179487 0.019659239842726082 0.8222222222222222
2 0.5 10000
0.9767441860465116 0.024828314844162706 0.8936170212765957
2 0.5 6666.66666
0.9850746268656716 0.03306565895134624 0.9428571428571428
2 0.5 4285.714285
0.9901960784313726 0.039968652037617555 0.9901960784313726
2 0.5 2500
0.9946236559139785 0.0674802584350323 0.9840425531914894
2 0.5 1111.11111
0.9977876106194691 0.17043740573152338 0.9977876106194691
2 0.75 90000
0.6 0.019600725952813067 0.05555555555555555
2 0.75 40000
0.7857142857142857 0.020117762512266928 0.2682926829268293
2 0.75 23333.33333
0.96 0.01927710843373494 0.6
2 0.75 15000
0.972972972972973 0.021904336164506034 0.7346938775510204
2 0.75 10000
0.9836065573770492 0.026816608996539794 0.967741935483871
2 0.75 6666.66666
0.9863013698630136 0.03283850652271705 0.9863013698630136
2 0.75 4285.714285
0.9918032786885246 0.05380972879896685 0.968
2 0.75 2500
0.9943820224719101 0.06184850590687978 0.9943820224719101
2 0.75 1111.11111
0.9977578475336323 0.16241806263656228 0.9977578475336323
2 1 90000
0.6 0.019542619542619544 0.06382978723404255
2 1 40000
0.9375 0.019475357710651828 0.30612244897959184
2 1 23333.33333
0.6470588235294118 0.020463320463320462 0.20754716981132076
2 1 15000
0.967741935483871 0.02126528442317916 0.75
2 1 10000
0.9814814814814815 0.02356230031948882 0.8983050847457628
2 1 6666.66666
0.9886363636363636 0.04766949152542373 0.9666666666666667
2 1 4285.714285
0.990909090909091 0.04564315352697095 0.990909090909091
2 1 2500
0.995049504950495 0.08774978279756733 0.995049504950495
2 1 1111.11111
0.9978354978354979 0.15865384615384615 0.9978354978354979
